335 1086
348 2142
363 1838
413 1857
378 1583
340 1017
388 1394
759 13582
436 2280
833 14279
499 3302
446 2166
467 4428
520 2856
423 1695
352 1719
425 2281
381 2090
453 4363
448 2079
375 1705
333 992
428 4732
350 1187
368 1178
376 759
361 1531
576 5035
410 2178
363 1496
779 17919
662 7103
619 4804
412 1882
455 1999
364 1465
347 1061
372 1479
379 1979
403 1966
389 2021
310 647
462 3827
455 2370
506 3526
576 5498
651 4856
446 2713
511 3501
417 1791
369 1405
405 2416
470 4238
508 4424
358 905
642 6520
458 2590
593 6776
549 3605
842 18989
592 6770
683 8040
427 1976
396 2203
354 1230
381 1127
357 2454
345 1931
637 8166
527 3991
625 8023
754 9089
611 5547
612 4294
668 7705
749 11615
596 5564
891 26517
443 1984
606 8819
376 1135
380 1896
432 2734
428 1367
351 1338
718 12690
659 9451
435 2435
781 11007
547 3252
641 7257
720 7066
640 4860
556 5239
453 2783
501 5207
474 3019
511 3198
525 3348
446 3503
444 3012
512 4478
403 1782
407 1958
397 1470
347 1170
324 748
348 1218
326 1011
405 2231
362 1333
311 731
487 5071
500 3118
513 4052
435 1897
622 7020
408 1995
612 6565
602 4395
649 8078
390 1672
414 2395
452 2555
401 1298
349 1660
377 1546
348 1066
322 808
393 1480
427 1697
374 1815
812 22310
798 8944
823 7632
509 4183
489 3428
428 3169
599 5081
397 1805
476 4029
513 3666
452 1815
404 2157
495 3438
709 8351
559 3786
454 1928
421 2102
362 1326
399 2207
406 1645
636 13924
433 2888
758 8351
590 3865
722 6633
410 1467
442 4038
352 1303
444 3271
746 10387
463 2697
491 2140
389 1930
427 2816
368 2079
421 2137
363 1677
368 1587
402 2307
376 964
363 1205
364 1727
429 2040
485 3713
547 7283
395 1969
400 2690
391 1731
422 2011
316 830
320 1829
303 758
348 1972
370 1608
341 1174
344 1543
323 957
332 975
380 2152
396 1251
766 10711
498 4040
509 4482
395 1807
367 1336
323 1115
300 790
357 1398
337 1892
364 1135
413 2908
371 1056
448 1483
457 2124
458 1711
353 854
405 3369
456 5266
376 2893
483 7495
402 1922
401 1721
394 1407
334 1376
429 4546
399 1350
369 1182
384 2533
451 3403
415 2585
341 1219
503 4524
438 2304
415 1842
551 8045
412 2624
346 1151
388 1796
362 1868
342 1547
370 1929
468 3695
429 1723
362 1021
540 5590
786 16413
622 3850
486 2779
358 1770
428 3219
378 2301
519 4583
475 2462
443 2843
407 1680
659 6473
382 1545
586 5370
395 1802
663 6013
897 25677
512 4862
537 3030
566 3961
759 10576
648 6322
657 5196
634 4262
389 1489
446 2465
395 2968
572 5984
720 8066
570 5329
529 3232
799 10379
467 3646
503 2852
491 2858
690 7210
513 3373
416 3499
368 1572
465 3073
411 1243
300 831
379 1819
386 2042
380 1501
410 2751
363 941
410 2496
367 1780
377 1905
324 1428
343 1162
395 1802
328 880
399 1772
380 1667
405 2248
689 7939
696 6606
542 3384
398 1624
427 4176
450 2186
489 3409
347 990
346 1144
341 862
552 4796
489 3220
420 1951
400 1983
407 3208
574 4432
660 6980
474 2827
396 1423
650 6628
454 4906
468 3798
446 3152
457 2659
440 2010
452 2959
657 10784
451 3514
730 14033
476 1978
503 4243
480 2151
385 1735
383 960
429 2464
564 3319
579 7574
537 3541
692 8381
560 6058
438 1833
377 1614
352 2005
371 1653
365 1462
354 1222
430 2353
503 2177
404 2235
405 2119
297 758
372 1871
373 1384
400 2076
729 10029
726 5654
746 6903
488 2553
467 2822
694 9953
529 5565
404 1674
398 2362
595 4222
447 3018
467 4002
871 15521
383 1217
386 1419
416 1883
409 1982
496 3815
456 1963
535 5089
434 1793
343 1015
355 1413
392 2456
364 1106
345 836
374 3600
315 894
976 25926
662 11458
432 1910
384 2254
326 977
362 1028
330 1529
336 1351
472 2891
370 1410
379 1500
380 1438
436 2045
348 926
591 3568
442 4446
400 1916
397 2561
346 1172
399 2885
428 2487
552 4139
538 3185
393 2245
369 2823
383 1495
468 2438
409 1349
401 1616
420 3342
354 1169
340 1153
444 3240
499 2487
500 3271
579 4680
451 3248
378 1122
413 1221
361 1393
434 1477
422 3258
559 4965
517 3996
581 4305
608 4629
565 5287
503 3665
464 2056
544 3837
468 3292
419 2004
523 8058
418 2159
335 981
360 1975
364 1503
302 957
373 1232
367 1449
331 875
326 945
352 876
372 1731
574 6481
586 3983
403 3099
417 2835
415 1759
390 1459
347 1394
350 1324
330 982
419 2578
394 1848
350 1752
330 655
341 1186
319 879
321 830
324 1048
335 1021
311 834
342 1579
355 995
366 2186
340 1328
344 1135
312 862
355 1812
391 1507
390 2102
393 2142
408 3156
530 2557
473 4001
495 2986
630 5459
411 2072
394 1450
379 2481
575 5838
466 1759
416 1949
384 2217
468 3853
403 1682
541 5025
411 2389
453 2029
415 3925
420 2434
436 2467
443 2444
405 1857
483 5950
431 3094
402 1313
709 12060
693 9885
373 1640
318 981
332 1768
472 2980
419 1694
591 5256
494 5215
393 1556
387 1198
396 1734
348 810
424 2687
453 3447
439 1522
467 2177
324 2184
372 1175
328 1214
537 8965
486 3432
448 3243
394 1877
377 1217
465 3079
475 5312
401 3108
450 2518
575 3867
563 4073
501 2657
698 7216
448 3636
453 2616
648 7086
690 6212
432 2723
416 2659
504 5886
433 2068
366 1352
344 1663
703 9542
490 3043
484 4138
522 2526
794 15008
506 3197
604 5711
397 2381
418 2151
559 6279
636 5902
401 1751
583 7519
666 9589
507 3780
545 3395
461 2668
431 2732
676 11142
540 4232
580 10089
407 3094
412 3504
425 4658
502 5520
465 3943
409 2055
531 3926
519 6080
497 3464
359 1428
392 1806
353 832
339 1218
330 1328
330 1140
321 1066
349 998
390 2389
342 1262
396 1862
440 2904
492 3202
393 2806
411 1680
411 2051
481 3503
437 1908
545 5749
780 12151
578 4106
481 2901
451 2539
389 1344
426 2129
418 2170
357 1108
361 1293
460 4224
633 6318
577 8136
423 3024
478 4597
346 1239
383 2683
451 2542
589 7500
446 2184
604 5545
689 6469
630 6340
374 1450
400 2874
452 3365
388 1484
626 6509
522 6191
512 2786
729 14320
666 8263
544 5253
470 3713
504 3577
389 2735
384 943
358 2298
554 5768
475 3198
456 4239
366 1489
551 5661
512 5309
373 1202
398 2225
441 1753
677 12537
478 3847
399 2906
374 1623
331 949
325 799
360 1622
378 1995
345 1236
356 1341
407 2011
437 2070
472 3202
413 1685
393 2086
391 1349
351 1687
378 1089
487 3850
611 6827
649 6308
482 4032
508 4193
538 5023
610 5154
442 2066
396 1401
392 1617
352 1104
349 1762
367 1777
341 1031
344 1007
298 1164
372 1544
368 1766
410 2098
340 1859
363 2105
545 3873
617 6694
603 6676
424 1303
387 2581
343 1294
346 1171
362 1568
366 1904
324 983
365 1429
349 1434
388 1223
329 1302
337 1586
352 1098
337 1231
331 1332
380 1517
399 2230
334 1798
398 1650
312 1001
358 1382
335 953
403 1526
333 1691
335 1095
534 6034
569 6776
401 2402
431 2247
389 1376
356 1266
406 2641
334 1544
374 1604
406 1780
390 1399
324 2024
340 1630
446 2114
366 1149
462 2828
439 2689
572 4478
686 8357
410 2659
598 3946
621 4950
586 4809
776 10283
473 2806
514 3471
330 1255
430 2146
385 1812
386 2044
328 1171
489 6033
348 1407
402 1900
516 3183
453 2293
436 2470
437 2080
843 16575
464 1594
536 3283
472 1796
457 2776
858 11788
548 3081
500 4865
349 1305
440 2039
522 5330
480 2975
390 1643
440 2537
416 2001
334 989
336 2119
350 2796
525 5315
444 3405
456 2674
363 1155
404 1870
336 923
439 2781
392 2037
537 3744
570 5289
710 6069
718 11032
683 6375
528 6899
762 11547
889 13235
474 3070
496 4047
336 1246
440 1774
376 2641
383 1814
383 2218
401 1189
319 1000
357 1785
355 1014
331 1801
409 3833
380 1926
316 1297
373 1644
715 8070
606 5531
487 4029
569 4102
533 6023
339 1174
499 3317
387 2530
471 3604
448 1882
417 1640
388 1583
427 3137
403 1639
419 2087
348 1223
391 1849
425 1450
363 1244
373 3746
316 941
372 3489
388 1711
717 7754
599 7256
556 4691
367 1962
369 2900
359 1127
379 2391
326 909
329 959
326 1721
376 1757
361 2129
355 1150
428 1918
328 1527
333 1052
551 4563
415 2042
404 1139
475 4621
464 2976
687 9302
742 10309
613 6680
597 4923
449 2400
370 1853
435 2708
453 2846
425 1694
549 3887
372 1630
448 1820
508 4142
492 3720
800 10315
593 4046
453 3019
579 5655
519 2099
962 29081
557 4316
516 4886
645 9558
528 3348
516 4493
593 5349
770 14935
451 2740
432 2941
616 6299
601 6074
612 6415
467 3997
529 6962
635 3756
488 3384
532 3911
360 1537
380 1995
570 5048
703 12609
429 3172
566 5161
480 3577
433 3306
379 2129
426 2736
402 1329
361 1577
366 1024
593 5807
491 2755
543 5034
485 2991
408 1708
415 4447
454 3261
370 1475
361 1069
483 3381
391 1001
511 5822
591 5842
482 3567
504 3918
341 1534
462 4062
469 2583
424 3284
387 1949
509 4341
529 6101
985 36037
410 2899
465 5006
469 3590
351 2060
444 2574
334 1326
365 1063
425 2820
408 2544
531 3058
414 2487
388 2358
622 5781
614 6594
482 3117
512 4210
450 4078
420 1959
494 4216
362 1910
361 936
377 1083
449 3232
606 4786
687 9156
456 2231
374 1804
551 5430
525 3044
522 3764
416 1425
376 1140
354 1257
339 1511
552 6655
427 2990
373 1577
314 725
392 1532
402 1938
456 2126
361 1746
362 1887
398 1651
380 1084
370 2067
420 2371
354 1251
436 2245
407 1834
369 2899
425 2739
392 1353
478 5871
561 4277
419 1947
393 1463
375 1205
423 3912
349 2165
424 2336
365 1753
357 1794
450 2226
366 1457
404 2564
502 3488
455 2307
408 2223
684 5717
633 5552
459 3100
849 19759
420 2113
833 10403
615 7148
529 4950
448 2843
571 6033
625 5489
729 10095
553 4208
427 2887
485 2761
360 1933
610 6604
448 2273
806 21545
482 3042
374 1541
532 4108
437 3351
457 3022
577 6306
478 2813
485 3458
403 2187
541 3576
407 1936
572 5731
468 3032
425 1644
490 3576
349 1070
340 916
396 1681
364 851
330 680
332 1574
366 1396
369 1187
577 5857
466 2858
435 1454
406 1788
371 2190
349 1014
396 1434
371 905
332 857
399 3638
355 2538
888 14289
502 1752
418 2659
467 2897
363 1173
396 1457
327 1091
454 3022
402 1347
339 2160
479 3518
358 1465
349 1519
396 1778
643 7148
777 6221
537 5209
500 3440
428 2070
399 2172
449 3599
559 4932
523 2890
631 4103
609 4110
387 1702
448 3183
435 2287
454 3958
359 1299
382 2493
410 1821
417 2396
529 4609
410 1470
392 1386
401 1518
360 2287
569 4701
563 8389
553 4290
420 1818
707 8570
364 1197
344 1705
414 1627
465 2847
405 1775
356 1483
350 1423
362 1481
349 1782
351 1289
450 1847
392 1229
392 1308
352 1324
418 2359
411 1519
410 1979
397 1179
323 1066
389 1529
573 6425
469 3337
498 3196
556 3586
393 2080
404 1381
450 4585
415 1670
369 1449
433 1643
627 8000
370 1987
438 4185
465 1834
415 2294
385 1889
383 2285
405 1803
401 1774
399 3110
374 1664
388 1590
358 1818
476 4098
484 3673
364 1245
358 1467
428 3212
548 5941
448 2627
451 4490
552 4197
443 1889
410 2452
422 2210
422 2819
397 2674
365 1121
364 1235
396 2972
534 6603
381 2290
572 5307
421 3408
422 2591
408 1358
382 1628
438 3535
401 1819
453 2417
571 4592
458 2265
596 5967
441 2496
495 2714
379 1666
386 1095
464 3185
349 1614
453 1789
433 2065
442 4531
374 1392
397 1490
416 2240
384 1578
395 1598
383 2052
574 5976
642 6646
482 1751
389 1494
406 2034
554 9218
524 4466
649 8779
597 4191
450 2435
501 3712
380 1508
413 2982
479 3895
581 4332
382 2663
693 10844
640 6624
477 2450
484 4103
495 4016
838 15715
523 1966
444 2375
378 1931
478 4101
456 2746
383 2022
391 2084
581 6740
420 2691
514 7256
566 5227
463 2930
490 3082
467 2837
411 3025
735 7545
670 6829
665 5013
656 7861
663 5936
432 2745
429 3323
439 4264
404 1971
564 7050
784 20019
692 6696
454 2531
542 4210
642 7106
727 15305
584 3998
434 2014
334 1330
718 11837
465 2869
544 3545
431 2118
403 2755
431 2354
476 3339
509 4591
389 1499
434 3078
449 1934
390 2112
403 3252
408 2698
594 4709
535 4785
385 1573
349 1344
367 4676
437 1894
462 1864
509 4526
515 2830
368 3345
372 2558
385 1934
382 1971
349 1016
554 3904
379 2483
392 2085
475 2840
652 5674
552 3794
631 5734
565 7554
759 8395
413 1589
370 967
362 1352
632 13267
573 6824
465 2180
661 8985
551 4352
456 2089
438 2590
604 4874
517 6141
469 4069
584 5632
502 3311
533 3456
485 5566
726 11513
380 1426
777 14013
502 3461
629 5260
502 2997
527 3450
503 4375
601 6904
845 11938
543 4396
467 2702
570 3138
311 1115
336 1454
343 1130
357 1322
349 1334
365 1946
313 766
300 815
361 1171
347 1411
368 2140
338 1794
326 1044
341 1064
350 1219
315 1235
366 2191
433 3357
400 1971
471 3971
477 2785
397 1987
608 5579
513 3749
521 3502
399 2201
690 8240
704 10574
422 2242
1067 36859
567 3496
471 2939
392 2006
399 2441
506 4910
522 4371
667 6378
625 4630
498 3433
551 7702
476 3295
403 1252
427 2241
564 5023
477 2607
441 2435
397 2528
579 6137
498 2644
497 5325
520 4998
397 1119
470 2943
549 5686
360 1756
665 6386
408 1378
407 1788
365 1357
350 1887
492 3712
518 2677
554 4614
399 1558
393 2187
631 10087
914 16337
652 5941
722 11425
517 3001
391 1733
432 2090
447 2470
440 2051
489 4816
427 2583
351 1437
350 1387
380 2510
375 2503
510 4332
465 1841
458 4332
388 1554
367 1242
336 856
357 1518
377 2586
476 3374
362 1286
355 1405
337 1194
307 905
386 2863
335 1026
298 1130
434 2168
409 1325
427 2361
437 1502
379 1800
372 1320
312 826
666 9040
635 5930
467 3718
451 2181
385 4072
685 6712
458 2465
481 4030
413 2045
353 1177
382 1417
347 1195
1087 52773
425 3125
731 9068
497 2949
723 8511
666 6877
604 3338
584 4754
469 3464
469 3667
569 3705
363 1288
430 2334
365 1605
440 2691
392 1442
338 855
333 1184
424 2543
598 5284
570 4580
629 7330
559 3893
863 17218
558 5619
633 3628
479 3891
500 3099
599 6138
555 5055
594 4025
423 1978
423 1938
457 3271
331 1123
382 1214
370 1754
404 1953
454 2220
418 2066
413 2584
390 1473
416 1416
434 4182
383 1406
418 1446
383 1653
463 4443
455 2031
464 1943
377 1805
429 2097
531 6017
594 5012
404 2355
447 2950
427 2166
378 1099
399 1508
411 1394
374 1362
399 1260
347 1691
366 1301
399 1462
340 1082
346 1114
302 853
350 1474
297 1311
337 1122
365 1255
400 3159
329 1277
359 1540
575 9422
437 2436
388 1481
389 1353
420 1557
466 4071
610 5777
702 10295
613 4364
542 5135
512 4271
439 3438
651 8080
548 3256
456 2355
500 5545
424 3119
383 986
459 2560
340 1300
491 5196
521 4651
553 4897
590 6447
421 2199
500 3380
591 4278
765 6366
582 4641
501 3035
569 6786
531 2843
363 1293
502 3116
487 3662
831 11309
568 3821
454 2998
711 9356
724 4048
533 4621
596 4117
345 1228
361 1780
378 1580
392 2497
346 1220
647 9028
516 3409
592 4054
586 4804
681 6501
552 4775
502 4335
452 2392
380 1695
416 2215
484 4629
437 2046
454 1876
608 7955
477 2760
415 1750
497 3541
560 5895
494 2299
420 1612
612 10243
537 2523
379 1855
467 2377
403 1423
463 3322
455 5350
437 3646
362 2172
501 5005
441 3707
534 5186
414 2233
955 14995
464 4092
621 6143
381 1709
356 1237
435 1503
362 3128
402 1903
467 4156
450 2817
467 2840
519 2034
451 3157
351 1347
487 5966
387 2618
401 2037
441 2277
617 4687
563 4426
427 1391
415 2150
463 1856
369 1812
384 2886
591 6618
526 4560
379 1563
448 2599
406 1939
412 2507
410 1891
370 1056
367 958
348 1198
385 2278
358 1602
908 16880
635 5232
494 2921
380 2009
633 4937
449 2461
383 1229
384 1392
309 717
308 671
430 1552
335 1199
350 1334
583 7974
462 3668
488 4277
741 10091
425 1851
478 2574
438 2969
466 3318
680 7114
590 8226
453 4925
507 4513
637 4607
428 2981
523 5056
774 13501
765 9338
403 2050
748 9817
430 1650
535 3496
532 5439
353 1290
425 1915
408 1978
315 956
373 959
350 1988
413 1693
416 2158
358 1600
393 2227
805 11427
517 3239
649 7004
681 11066
495 3080
639 4575
622 5542
420 1506
479 2965
393 2548
440 1720
422 1241
317 995
422 2339
346 805
387 3670
445 1547
430 2621
381 1381
485 3994
411 1710
364 1248
337 1393
313 1668
323 1044
395 2706
371 1209
469 4609
373 1641
414 2861
389 2536
453 3226
522 3312
367 1657
423 3188
524 5446
631 5362
389 2324
490 2530
429 1900
689 8613
456 2671
688 7303
494 4255
523 2986
478 2230
487 4451
502 2019
432 1747
440 2445
387 1646
357 1186
360 1061
309 1294
321 803
395 1587
393 1623
417 2295
342 1096
343 1782
353 956
441 2623
433 2971
341 1486
392 1740
521 4206
502 3514
403 2495
434 1694
442 2423
365 1550
455 2109
375 1480
387 1361
403 1411
570 6846
468 2347
446 4251
397 2712
479 2453
792 8624
522 3208
580 5062
650 6393
390 1484
669 10976
520 4110
438 1972
363 1353
446 2086
463 2848
515 3427
455 3050
358 1473
416 2985
404 1910
399 2615
329 869
403 1810
322 902
363 1305
489 3623
366 1136
378 1499
416 1675
449 3623
387 1198
430 3209
578 4906
604 8757
545 3405
505 4121
665 8528
383 1289
466 3905
480 4162
363 1893
367 1858
364 1803
471 4402
399 2501
462 3150
397 1576
413 2683
413 2679
543 5272
724 10970
417 1918
497 2386
408 1889
622 5496
393 1507
568 4143
494 2236
359 1159
381 1598
570 4660
435 4112
394 1754
621 4516
700 7294
596 6557
476 2820
437 2453
461 2649
375 1827
539 3786
431 3732
881 15315
636 4729
509 3331
611 10974
751 11275
495 3198
573 5163
440 2010
515 2398
425 2527
560 3582
634 6443
531 3665
661 7597
431 2555
405 2140
531 6394
368 2336
345 1267
422 1959
321 773
359 2525
348 1928
331 1371
533 8082
512 2317
485 2799
393 1700
384 1227
321 878
396 3055
435 2074
421 2491
373 2159
502 3910
393 1435
426 3913
397 1639
376 1469
420 2940
361 1572
489 3843
532 5560
550 4049
461 2767
435 2792
563 4321
555 5413
567 5870
485 4096
427 1482
374 2213
434 2282
376 1265
368 2130
364 1463
522 4148
465 2440
446 3298
331 1119
390 2450
423 1286
392 1528
386 1678
341 1986
426 1798
411 2866
393 1329
383 2011
535 3085
389 1788
396 1375
411 1202
364 1011
366 1081
390 1151
377 961
379 1241
369 1454
459 4757
1065 35382
510 3364
464 4528
681 6630
520 4718
475 2627
362 2161
411 2019
415 3489
387 2173
475 1417
452 4173
426 3490
645 6657
526 3363
527 6472
408 2590
399 2294
436 2275
415 2456
433 2755
376 2341
328 1328
344 2065
524 4802
382 2472
516 3723
550 5302
344 1782
463 3150
435 2213
426 1940
394 1777
355 1072
362 1391
314 1000
327 902
298 662
369 1473
381 1205
363 1108
359 1718
342 700
358 1240
400 2000
480 3347
456 2759
380 1925
401 2147
425 2348
603 8278
447 2186
422 1487
349 951
355 1600
335 1112
379 1104
443 3120
358 1210
540 6677
680 8138
544 3006
462 2204
442 2141
601 6242
429 1683
397 2027
375 1342
332 800
345 1431
304 911
331 1443
299 821
563 5209
692 6346
586 7886
392 1474
721 7448
523 3099
590 4772
660 6179
407 2078
459 3118
337 1020
446 2525
379 1543
358 1330
372 2014
348 1301
382 1338
350 1262
360 978
346 1620
327 1132
362 2512
510 3404
371 1261
381 1998
412 2648
388 1421
338 1190
357 2445
330 1298
367 1580
363 1361
355 1613
416 4268
338 1395
325 1145
577 6091
500 3180
544 5088
601 4321
499 3338
671 5950
533 4144
564 4229
586 3571
394 1600
522 4125
677 8356
487 3174
705 8635
591 5306
574 4688
533 3363
435 1968
441 2475
438 2746
429 2189
447 2171
363 1738
444 2461
421 2556
551 6296
432 2030
445 3329
387 1578
366 1553
360 1245
478 2289
868 18089
616 4334
502 3789
333 1038
443 3361
520 5999
585 4565
569 4176
366 1519
439 2831
372 1033
406 1636
416 2528
357 1439
358 981
381 1940
465 3056
429 1864
426 1514
349 1091
362 1465
590 8154
729 8384
484 3751
512 3628
645 6444
395 2872
520 4046
414 2318
485 2920
395 1679
370 1471
376 2673
416 1775
349 1958
380 2004
368 1952
337 921
