382 1285
388 1705
462 1685
408 2050
374 899
405 1845
359 1890
370 917
398 1902
342 1120
559 5603
581 2353
478 1913
604 3760
562 3545
429 1145
329 1593
610 3948
537 2881
478 3299
453 1890
610 2971
495 2230
471 2086
793 9059
595 3520
481 2466
741 8106
621 2571
652 4443
439 2355
528 2665
511 2182
593 4233
660 9697
500 3383
476 1629
785 6334
616 3472
542 3142
954 10894
414 1679
456 2087
464 2932
778 8967
657 4176
551 3004
486 1795
1091 28510
879 9582
562 3350
550 2842
538 2968
522 2439
941 12155
586 3297
712 4297
549 3011
520 2775
552 3293
581 3094
488 2354
411 1776
531 2760
325 924
583 3303
433 1961
410 1643
455 1990
371 1158
338 1111
409 969
466 3199
462 1908
494 3328
443 1558
458 2550
421 1256
418 2401
417 2816
424 2599
