387 1537
429 1635
424 1477
408 1276
453 1627
446 1104
393 1031
489 1782
433 1843
429 1498
428 1273
436 931
455 1057
434 1090
468 1786
462 1861
400 1150
386 1258
364 971
452 1923
417 1229
440 1230
380 837
416 1493
492 2211
467 1820
477 1590
456 1654
429 1341
532 3195
415 1671
432 1241
417 1363
407 1097
426 1080
419 2124
443 1189
429 1601
436 1132
481 2135
430 1549
515 2510
376 873
445 1568
421 1251
385 1699
438 1508
441 1561
419 1608
413 861
393 1340
453 1637
377 1136
435 1679
444 851
454 1433
425 2202
447 1826
432 1727
398 1001
453 1113
426 997
428 1277
380 1452
362 1102
448 1420
404 1178
517 2569
436 1411
386 1307
374 1405
446 2322
482 1588
487 1457
443 1769
452 1182
367 893
439 1681
447 2277
376 1084
385 1136
428 1554
437 1786
442 1338
423 1637
392 820
373 782
375 986
405 1154
414 1496
404 1260
444 1657
399 1014
440 2451
409 1578
439 1982
479 1336
483 2495
463 1488
456 1748
431 1204
421 1585
438 1056
